n <- 34
y <- c(6.96129604591017,7.04141166379481,7.05272104923232,6.99025650049388,6.76272950693188,6.8134445995109,6.68959926917897,6.56385552653213,6.41345895716736,6.47697236288968,6.31173480915291,6.31896811374643,6.34388043412633,6.40357419793482,6.29341927884648,6.29341927884648,6.41673228251233,6.36475075685191,6.48157712927643,6.59850902861452,6.47543271670409,6.44888939414686,6.39859493453521,6.18208490671663,6.17378610390194,6.08904487544685,6.00141487796115,6.08221891037645,5.99146454710798,6.06610809010375,5.98141421125448,6.07073772800249,6.0282785202307,5.93753620508243)