y <- c(0.00844905448652788,-0.00504879865436605,0.00384615268860546,0.0214293914558992,0.0232839389540449,0.0299121323429455,0.037929328538964,0.0212773984472849,0.0270006018185058,0.0140346711715057,0.0112575217306222,0.0109290705321903,0.00885396831725505,0.00349666585229444,0.00236272591159805,0.000973236086552198,0.0038835000263977,-0.00045288231567433,0.0196473295718213,0.00946080850422915,0.0112360732669257,0.00117118433761707,0.0181931828441741,0.0261393882030352,0.00797523057437033,0.0103805802278299,0.00102805601884839,0.0121423868257255,0.0136988443581618,-0.00370222792120147,0.0180545215605451,0.0158007445313437,0.00493828164058252,0.00517869582362316,-0.00764478831881652,0.0163268932874288,0.00726102423704722,-0.0191951645920371,0.00135203102445294,0.0105821093305369,0.00161812333041045,-0.00221610989906376,0.00544452271118292,0.0128104233856403,0.00792397173089165,0.00317662125770344,0.0171365771930149,0.0138251049918425,0.0121305505685076,0.0109338371002675,0.00105132509076258,0.0014880955127019,0.016955806146556,-0.00333028989666486,-0.00179980563436475,0.0095064701308285,0.0101376682844552,0.00947584230546425,0.0140211447248867,0.00980400009662086,0.0110881246904664,0.0162381708431379,0.00961360895668308,0.00802679894945291,0.00928388631000798,0.0101169774642052,0.00884403517704637,0.00966813847305525,0.00639388367525573,0.000103261522609621,0.000533884086711645,0.0132871299954331,0.0155912107432541,0.0145713278135854,0.0110867688006139,0.0131817367020646,0.0212022076506031,0.00706423430637546,0.00854753116573761,0.0142411976775678,0.0190481949706944,0.0151617430647947,0.0170550754091731,0.0228429587090599,0.0274557520447654,0.0264244321843404,0.0195147486584831,0.0145351396191131,0.0166948785721703,0.00923963144859794,0.0224203685142349,0.0257874502057387,0.0185846056856334,0.0222739735666356,0.0214722812477185,0.0358579525232807,0.0416313834758135,0.0485323461922063,0.0309426125903717,0.0459165989737005,0.059515650122699,0.0811647817310722,0.0493763472194563,0.0356186790234685,0.0367678608789195,0.0266673169265613,0.0294365225999917,0.0460103056488332,0.0505673588211266,0.03430957601553,0.0226226190699194,0.0154778877023167,0.018345313325685,0.0178327965494397,0.0244341357802717,0.0172756554004234,0.0321743570278561,0.0267465059845203,0.072052765407577,0.0286118473932619,0.0473115932904111,0.0476589558588506,0.0283462500655419,0.0190315906164793,0.0244504006677975,0.0387816301941518,0.0248700352276362,0.0243422367363619,0.0173385271622735,0.0232646260176713,0.0120010100385709,0.00765728445192693,0.00495199997397222,0.012725448519325,0.0196367663747411,0.0114817150006719,0.00586377075379119,0.0128263136879202,0.015764819641339,0.0124005131984548,0.0125746558779243,0.0268797663676002,0.00918901754538872,0.00491401480242892,0.00686002066616354,0.00661489209183639,0.00727207694915535,0.0126885933190888,0.0116327023754623,0.00957624526078913,0.0082107849419403,0.0107161278768428,0.00483326218801938,0.0175719935723567,0.0202754753545044,0.0202212772472334,0.0162458446655789,0.0219954787795547,0.0157780062516547,0.0196335798779765,0.0175957618903793,0.0392123740767577,0.0227793019512109,0.015492176615771,0.00536605350463848,0.0149308220794474,0.0107309634350358,0.00964041578217412,0.00515275339565591,0.0148187052139855,0.00553083420129443,0.00430725719758041,-0.0064678630074857,0.00948709158384862,0.00908487078584699,0.00353232440754514,0.00140944350323391,0.0112024499512261,0.00694180217217735,0.00620477688688315,0.00889502956886812,0.0119752766503259,0.00892201227781033,0.00133333353086407,0.00531562713438749,0.00626251095861683,0.00821142593121795,0.00586129974999139,0.00582714500919312,0.00657891231616468,0.0157648196413382,0.00817357584064116,0.00312597941329251,0.0123034078957472,0.00930904184708261,0.00426699824499099,-0.00426699824499099,0.0046857104400285,0.00685404713404161,0.0072202479734873,0.00418786134047444,0.0120882837924579,0.00800695506396689,0.00641588669190707,-0.00116346726329741,0.005899411810082,0.00682487785429178,-0.00115008638323744)
x <- c(-2.2733,-2.27923,-2.28217,-2.29389,-2.29244,-2.29679,-2.26554,-2.26263,-2.26554,-2.27277,-2.27565,-2.28281,-2.28992,-2.29557,-2.30119,-2.31647,-2.31923,-2.32197,-2.33017,-2.32882,-2.32867,-2.33945,-2.34613,-2.35276,-2.33577,-2.34227,-2.35002,-2.35694,-2.36321,-2.36945,-2.37565,-2.37688,-2.37812,-2.38304,-2.38916,-2.39402,-2.40007,-2.40488,-2.40848,-2.418,-2.42273,-2.42861,-2.42022,-2.42836,-2.41979,-2.43353,-2.43693,-2.44144,-2.44819,-2.45489,-2.46043,-2.47906,-2.46993,-2.47531,-2.47958,-2.48278,-2.49125,-2.5111,-2.49068,-2.36244,-2.38163,-2.22413,-2.23295,-2.17118,-2.18521,-2.19538,-2.20454,-2.2238,-2.23467,-2.2543,-2.12563,-2.14028,-2.0172,-2.03374,-2.05324,-2.09113,-2.13211,-2.15126,-2.16142,-2.16717,-2.17575,-2.18988,-2.20174,-2.16044,-2.17337,-2.18614,-2.19146,-2.21053,-2.22155,-2.22669,-2.21563,-2.2296,-2.24277,-2.24149,-2.25546,-2.26865,-2.28819,-2.29857,-2.31403,-2.27793,-2.27276,-2.28103,-2.30422,-2.37907,-2.38798,-2.39993,-2.40771,-2.41541,-2.4254,-2.42642,-2.44464,-2.46516,-2.4702,-2.47181,-2.47277,-2.4817,-2.4839,-2.49199,-2.46234,-2.46781,-2.47149,-2.46097,-2.43544,-2.4037,-2.39928,-2.21877,-2.17031,-2.18043,-2.19534,-2.21525,-2.22842,-2.22932,-2.26553,-2.23386,-2.23143,-2.19198,-2.20149,-2.19055,-2.20962,-2.22383,-2.24191,-2.26151,-2.28343,-2.27503,-2.25608,-2.26334,-2.14853,-2.16142,-2.18046,-2.17278,-2.12764,-2.08353,-2.09376,-2.11463,-2.11156,-2.14585,-2.18258,-2.22489,-2.21789,-2.1956,-2.19549,-2.15888,-2.16484,-2.14381,-2.12799,-2.13736,-2.14175,-2.14568,-2.18382,-2.17457,-2.17909,-2.13288,-2.13733,-2.13973,-2.11977,-2.12496,-2.12963,-2.13316,-2.13693,-2.13956,-2.13897,-2.16459,-2.15645,-2.15973,-2.16443,-2.16476,-2.16338,-2.16459,-2.17074,-2.15016,-2.15394,-2.15359)
n <- 192